[/usr/share/plasma/desktoptheme/default/dialogs/background.svgz]
10311628953326003517=38,48,6,6
10518340553451593241=119,47.9999785,32.00000800000001,6.000021500000003
10636838626498386644=113,16,6,32
10794610566219139860=95,0,16,16
11021753017889833161=20,54,4,1.000000082740371e-08
11501970853204988616=20,50,4,4
11577413731955943481=76,0,2,10
11753046290611443597=113,10,6,6
12243463141702575822=0,48,6,6
12365792355972593472=6,10,32,6
12449106203908871332=119,16,32,32
12547028133167426701=20,10,4,1.000000082740371e-08
13599596505208169706=6,16,32,32
13663100851795304775=47,48,16,16
13785383951333796658=113,48,6,6
14297093523116326966=47,29,10,2
14403707269858757144=101,33,10,2
15253882747768264957=63,48,32,16
16871196248142390743=20,10,4,4
2150214213081626785=47,0,16,16
269655334051825161=119,10,31.999989999999997,6.000021
2722413632415530712=63,0,32,16
2980465091749427119=6,48,32,6
4182281592034209186=151,10,6,6
4463676969068266171=95,16,16,32
4474205810066936709=0,10,6,6
5184456830431301850=38,10,6,6
5903808107451186355=151,16,6,32
6599936820297811306=47,16,16,32
6800560031287383918=40,30,4,4
7027671626463849281=38,16,6,32
7200042616275511786=0,30,9.9999999e-09,4
7793627338769531675=0,0,5,5
7796258392201820072=0,16,6,32
8562375314936274395=95,48,16,16
8606991634580909500=0,30,4,4
961796383100806437=151,48,6,6
9924033034944129807=44,30,1.000000082740371e-08,4
9991695497471464521=76,54,2,10
Invalidelements=2234836336,3480789822,2754246085,2692299446,359604258,2492057591,1030802619,109721988,1220858564,1774083604,2837864770,4240573611,2380799162,1843279655,1792884667
LastModified=1768332826
NaturalSize=157,64

[/usr/share/plasma/desktoptheme/default/solid/widgets/panel-background.svgz]
11092996081342440583=0,0,5,5
11471322926264319459=0,16,6,32
12837647852999036863=38,48,6,6
12985543493353423424=38,10,6,6
13938338667646302250=6,10,32,6
14077841173489649274=44,30,1.000000082740371e-08,4
16284378557365859870=20,54,4,1.000000082740371e-08
17791543880636693760=6,16,32,32
2890385612112055784=0,48,6,6
37337181180753475=20,50,4,4
5148721232031977810=0,30,9.9999999e-09,4
5306899819623742480=0,30,4,4
5454158112142736265=6,48,32,6
6324429468456742933=38,16,6,32
715424503859417527=20,10,4,4
7768370700132998360=0,10,6,6
8322115593908218923=40,30,4,4
862940856838510333=20,10,4,9.99999905104687e-09
Invalidelements=224020498,2472296231,1655955005,1730203488,38961735
LastModified=1768332826
NaturalSize=157,64

[/usr/share/plasma/desktoptheme/default/solid/widgets/tooltip.svgz]
10470010373022998733=20,50,4,4
10615208435536361350=76,0,2,10
1103073510095411966=6,48,32,6
12289660083654062736=6,10,32,6
13153004283566975779=101,33,10,2
13332714946532104194=95,16,16,32
15437926560923175926=20,54,4,1.000000082740371e-08
16281637997414721040=80,54,2,10
16480893217397069831=80,0,2,10
16689209457693742436=47,16,16,32
1681868614118577584=38,16,6,32
17251574039358105872=0,0,5,5
17427311532106338013=40,30,4,4
18310277290495621394=101,29,10,2
2913805211524698485=20,10,4,4
2964199978215766033=0,16,6,32
3351678182872043774=63,48,32,16
3523414106572829051=63,0,32,16
4807792425261768=0,30,9.9999999e-09,4
4883763321023392211=44,30,1.000000082740371e-08,4
6063131399117223394=47,29,10,2
9404829545877777903=20,10,4,9.99999905104687e-09
9504242457810704532=63,16,32,32
9510144449973804022=47,33,10,2
9781884163627442102=0,30,4,4
9917468948531622704=76,54,2,10
Invalidelements=2512000812,3782592899,1677502304,216786209,4107350346,1600929951,894509025,930562998
LastModified=1768332826
NaturalSize=157,64

[/usr/share/plasma/desktoptheme/default/weather/wind-arrows.svgz]
NaturalSize=88,110

[/usr/share/plasma/desktoptheme/default/widgets/arrows.svgz]
7336165116319058735=15.000004000000002,30.000002999999992,13.999992999999998,13.999995000000013
LastModified=1768332826
NaturalSize=44,44

[/usr/share/plasma/desktoptheme/default/widgets/background.svgz]
10125889578332477798=28,19,4,14
10663310285797046167=34,19,4,8
12665329917905185120=49,49,8,4
13731411121047947614=28,61,4,14
14223976553147485236=1,44.062355,14,4
14872077040150773633=13.00001200692786,63.00000000000003,32.00045319307214,11.999799999999993
16744133827434083446=43,44,14,4
1699047132414207626=45.000465000000005,30.999396500000046,11.999541999999991,32.000591269239976
17433478201924397994=5,8.625,5,4.375
5141901286723687044=1,49,8,4
7336308761274852226=13.00001199313462,19,32.00045120686538,11.999400000000009
874637813401569386=34,67,4,8
9117864312687618095=1.00000399999999,30.999396500000046,12.000001999999995,32.000591269239976
Invalidelements=1502742488,513196158,834371579,1071853239
LastModified=1768332826
NaturalSize=148,148

[/usr/share/plasma/desktoptheme/default/widgets/busywidget.svgz]
11765713237045334683=51.329166,279.53748,5.820833700000001,5.82083369999998
15807342608159603522=58.472801,281.12497,4.233333600000002,4.23333359999998
5083035262249620529=-3.600000010317572e-07,0,35.983334,35.98333400000001
Invalidelements=3844836138
LastModified=1768332826
NaturalSize=136,136
busywidget=4x4,6x6,4x4,6x6,4x4,6x6,4x4,6x6,

[/usr/share/plasma/desktoptheme/default/widgets/button.svgz]
10162471962565314506=244,203,18,5
10184890267127872942=202,192,6,2
10490995542975388803=252,204,2,4
10495452698166676931=182,146,18,18
1052138234016023549=208,40,3,2
1054413352091343566=236,154,2,2
10602560785784178=263,108,5,18
10642811622119865899=50,70,5,18
10902317820127683068=252,138,2,2
10995590632733005548=238,116,4,2
11666943542347293390=263,203,5,5
11775561340359355422=-12,76,3.9999999000000006,4
11890580080783248850=174,176,5,5
1192457319333052683=174,78,6,2
11943510810765154075=190,136,2,2
11950075419568289907=174,129,5.000000000000028,5
11976145018792823183=58,91,18,5
12161596792873603912=79,70,5,18
12237065313046119138=190,172,2,2
12246616950721910269=-12,192,3.9999999000000006,4
12248498839917802816=182,136,18,7
12385716013986098762=263,145.99999618000004,7,18.00000001800001
12477821131710852294=203,21,8,8
12678797464285577647=203.000000001,176,5,5
12763764412212178156=58,62,18,5
12787892996488704690=190,134,2,0.0010000000000047748
12791488540557983312=238,108,5,18
13011432363121223621=203,91,5,5
13033165974730895895=238,184,5,18
13323505138366959400=172,146,7,18
13601570607518133253=50,62,5,5
13761350022631071973=262.99999999999994,127,5.000000000000057,5
13933452797074261282=244,178,18,5
14095007025734567659=203,31.999998912499997,8,18.000001718478302
14118459523893698014=236,165,7,7
14134066097704601053=203,184,5,18
1425757703328291524=190,176,2,6
14329863357222102100=182,205,18,5
14374082690568574846=79,62,5,5
14465160397181381967=238,102,5,5
1460767513847662649=190,204,2,6
14668930481233712365=182,21,18,8
14687531785425905516=174,192,6,2
14754685973682012376=182,184,18,18
14890096465113099355=182,91,18,5
15073070061117725908=190,21,2,3
15214768874193776662=268,154,2,2
15324034053121958188=238,127,5.000000000000028,5
1567431634438757841=203,53,8,8
15692870988713897910=208,154,2,2
16579504010860109344=171,21,8,8
16646850684429230910=171,40,3,2
169768217991470142=244,138,18,7
17089807400431543381=202.99999999800002,204.99999999800002,5,5
17152553494711551457=172,136,7,7
17203371327326807173=171,32,8,18
17278057851591963759=172,167,7,7
17295355788486617469=174,205,5,5
17379286676997003505=263,138,7,7
17464643338064806193=172,154,2,2
1765488936036284309=174.00000000000003,100,4.999999999999972,5
17792285730780354342=263,102,5,5
17814160376109388218=182,129,18,5
18170388370744670114=252,170,2,2
18187851949653015712=190,58,2,3
2070444306532136403=190,90,2,6
2166694598480827803=264,116,4,2
2179387586469251157=263,165,7,7
23956198688400780=203,167.00000000051,7,7
2666321510440876370=203,146,7,18
2762897379771343335=182,53,18,7.999999999999993
3019619956280381609=171,53,8,8
320710750823760845=190,100,2,0.0010000000000047748
3415247704817512968=244,127,18,5
3963174085561311110=238,192,4,2
3992823942525902472=264,192,4,2
4127497743184584022=182,176,18,5
4137077595186112406=174,184,5,18
4147359179652839957=174,116,0.0010000000000047748,2
4501885704420627308=238,178,5,5
4554461027138975526=202,78,6,2
4617056630589819987=182,100,18,5
478169350676522027=263,184,5,18
4930907524933239249=252,102,2,4
5159720106159660432=203,62,5,5
6068896133767346565=50,91,5,5
6280727151131376688=182,62,18,5
6496402117309246598=244,108,18,18
6533903201574730671=244,165,18,7
6682358112082222708=238,203,5,5
6719063754930587859=174,62,5,5
6750879929127619=244,102,18,5
6753067998254951596=190,62,2,6
6781174932056535102=182,167,18,7
6999163473761470383=182,32,18,18
710782655535242926=58,70,18,18
7125657714495204803=252,178,2,4
7211627948410827481=244,146,18,18
7257203837375086859=236,138,7,7
7287805834610681268=203,108,5,18
7569153914261945516=236,146,7,18
781109938524935647=208,116,0.0010000000000047748,2
809693635319629508=263,178,5,5
8268388433723774453=174,108,5,18
83176311247493911=203,136,7,7
8903919010771253622=182,70,18,18
9345499126362476757=203,70,5,18
9386102010954545354=244,184,18,18
9395013928022383688=203,100,5,5.000000000000014
9409380257073515579=182,108,18,18
9512519402992601833=79,91,5,5
9513528702023720863=252,128,2,4
9593539710111336964=203,129,5,5
9838931281145998870=174,70,5,18
9865918344861165824=174,91,5,5
Invalidelements=2369563535,1741427182,2619649136,1457522078,3561325054,106883961,270307546,1866120352,3420940905,53378615,157818919,2604750841,984812552,1199111728,1280057028,1121792242,2339710490,4290938819,1369320008,2559599254,3187286052,1756275674,2285301206,4194997531,3187905369,1651495102,4059636163,4229633561,795507030,3348415893,1518195996,2352003679,817917074,2076684569,246282236,2614377794,843992817,105970812,3669799339,953341629,105791219,4130577044,2996287280,1343962903,3089173316,3903774572,1879931076,3652706868,2203081292,4126398571,3190965429,776485674,2806811621,4039151445,4254790867,3663820453,502166215,3597899827,3690810696,2696425527,2042260416,1004128959,2090210770,3741195344,3131711421,333923892,944701593,1556313566,1519856225,93221454,929944703,234356094,2761135970,1635768495,1539981072,3986042537,3030948692,1232585386,411173923,656514285,4290622865,1074222986,466366061,1080204016,892185479,1943718461,748984194,421549409,1585835022,2538349049,1016227310,803808805,4107679946,2933377033,2861940209,3584684503,2300143301,1769508288,2859257189,3307731458,3616719543
LastModified=1768332826
NaturalSize=288,224

[/usr/share/plasma/desktoptheme/default/widgets/checkmarks.svgz]
15564891136059143716=0,0,16,16
LastModified=1768332826
NaturalSize=16,32

[/usr/share/plasma/desktoptheme/default/widgets/containment-controls.svgz]
11295581641506147619=4,6,1,42
11696456375866561303=71,65,10,1
13071144722777994156=90.00000320954504,48.99999984359245,36.0000008194645,15.000000341443538
13768084422149271172=71,78,10,1
1391056698099664866=61.99999940986387,48.00000027555605,28.000000637361275,19.000000432495156
15538446397235317210=71,66,10,12
5809224662733414912=-10,0,5.2207794,5.4025974
8629862265733526115=89.99999997099046,63.99999984359245,36.0000008194645,15.000000341443538
Invalidelements=1723137871,3365191230,1120366842,1247179832,3843029715,2381560654,2129758572,3247999541,1858843610,375039707,1141062372,2139053573,3000708368,451553728,1265682588,499252112
LastModified=1768332826
NaturalSize=128,128

[/usr/share/plasma/desktoptheme/default/widgets/line.svgz]
15223815506285461683=2,0,1,1
3151335277622374097=0,0,1,1
LastModified=1768332826
NaturalSize=3,1

[/usr/share/plasma/desktoptheme/default/widgets/lineedit.svgz]
10933912266202421695=75.00000000099999,0,5,5
11724545399938970770=40,39.9990005493,2,0.0010000000474974513
12049564539875925749=40,110,2,0.0010000000474974513
12664436259611523431=75,65,5,5
12734585302836703371=4.999994476540735,105.0000000001,70.00000400000947,5
12752494386454769434=80,94,0.0010000000474974513,2
12862592337595291245=75.0000000011,5.000000000044999,5,20.00000000005
13088083088981020081=-9.999894245993346e-10,105.0000000001,5,5
13329925236159828765=8,128,64,13.999991999999992
13967952621808439363=4.999994476540735,80,70.00000400000945,5
14072620969059767182=8,88,64,14
14090607671681462563=4.999994476540735,65.0000000001,69.9999969523904,5
15412464908580937092=40,70,2,0.0010000000474974513
16020565539919851938=0,14,6,1.9999999000000006
1605775704650885039=0,65.0000000001,5,5
17019697483414676653=40,0,2,6
1823624402254071843=8,8,64,14
2262406874626687427=0,44.999999999844995,5,20.00000000005
2326725762625908948=0,-4,2.03293180466,2.07712602615
2438488526613937754=-0.0010000000475,94,0.0010000000475,2
2447589820249435119=-5.000018177270249e-10,84.99999999984499,5,20.000000000050008
2880871378958296579=4.999994477540739,40,69.9999969523904,5
3811257454715096511=80,54,0.0010000000474974513,2
3892673157515666751=74,14,6,2
3950322536644822133=75.00000000040001,84.99999999984499,5,20.000000000050008
407207014205812308=75.0000000011,44.999999999844995,5,20.00000000005
4455643543714593870=0,40,5,5
4743067326810996102=-0.0010000000475,54,0.0010000000475,2
483404872067110474=75,80,5,5
510158247262067945=0,5.000000000044999,5,20.00000000005
5339243220764364991=40,24,2,6
5902320174365589560=0,0,5,5
6089583342944957411=75,25,5,5
7511551404145003581=4.999994476540735,25.000000000100002,70.00000400000945,5
8036407718633598581=4.999994477540739,0,69.9999969523904,5
8258254353273827453=0,25.000000000100002,5,5
8417108945809550495=4,-4,2.0329318046600005,2.07712602615
8791968082466439000=75.00000000099999,40,5,5
8917069235124821950=40,79.9990005493,2,0.0010000000474974513
9352761764435299110=-9.999894245993346e-10,80,5,5
9375988205687352632=75,105,5,5
9496493046534805776=8,48,64,14
Invalidelements=2703735311,4281697652,1478731153,1150772929,424448977,112208184,4104325504,362358114,3968756906,764670976,522590436,989880228,2225843154,1419133383,1661901450,3827948926,2171307601,3601277262,2660208787,2047155875,376266143,1083098977,3639130489,2822704226,3766388891,1094756001,3416727208,2236478572,1704900511,377615708,1624598452,2635262332,2966112999,3640163011,1340613760,1353205688,3069024014,758243092,759234046
LastModified=1768332826
NaturalSize=80,30

[/usr/share/plasma/desktoptheme/default/widgets/listitem.svgz]
1000288268626651288=71.00000000000001,18.38379822222222,2.000036926144631,2.0003447777777765
12454999962814662974=57.999623,5.383812922222221,2.000036926144645,2.0003447777777783
13359241905481419779=38,58,6,2
13404593745238501036=24,53.000345,10.999999000000003,11.000000000000007
15195553346681368550=21.999924000000004,51.00000022222222,2.0000360691508483,2.0003447777777836
15419411910908531400=58,18.38379822222222,2.000036926144645,2.0003447777777765
15804598472512046199=28,44,2,6
16301153450281478817=22.000002222222214,53.00033500000001,2.000297777777785,11
17012259314153207140=34.999964,51.000345222222215,2.000036069150859,1.9999997777777807
1857350145485559706=24,64,11,2
229788338732764272=29,67,2,6
3069627805587848298=57.99970222222221,7.3841427,2.0002977777777886,11.0000053
3159248440441683936=59.9997,7.3841577,10.999998999999995,11.000005300000002
4987239515938760560=17,58,6,2
5100115948865499557=34.999964,64.00000022222221,2.000036069150859,1.9999997777777878
5999918737056224271=71.00000000000001,5.383812922222221,2.000036926144631,2.0003447777777783
648343544202771871=23.999959999999998,51.00000022222222,11.00126257523478,2.0003447777777836
731535702742885473=70.9997,7.3841577,2.000296888888883,11.000005300000002
8010261981930246808=21.999964000000002,64.00000022222221,2.0000360691508554,1.9999997777777878
8172719496078255710=35,53.000345,2.000296888888883,11.000000000000007
8452639333549524521=-10,-10,2.0329318,2.077126
9778836230852619513=59.99965999999999,5.383812922222221,11.001528480661094,2.0003447777777783
9882316171974370011=60,18.384143,11,2
Invalidelements=1197209401,3597715729,676133016,96319793,3462482482,1806547238,3795063727,1601754493,1247294272,1160744147,3758746860,1704336419,3906888232,3878847563,2981491358,720935525,2075027914,3348496611,4094929941,2807465956,3575678018,3899536822,1596788381,146387102,3568971925,149988839,1939886868,396420955,3799840333,639433899,106057403,1580152681,1500182867,3371326094,3175918655
LastModified=1768332826
NaturalSize=128,300

[/usr/share/plasma/desktoptheme/default/widgets/margins-highlight.svgz]
11232611717979461302=10.029290000000003,1,4,4
3788430242760087629=1,1.0125199999999381,4,4
9154866300545198243=1,5.012520000000109,4,4
Invalidelements=1756107162,2263977622,1030971481,3117634021
LastModified=1768332826
NaturalSize=15,10

[/usr/share/plasma/desktoptheme/default/widgets/pager.svgz]
1057425327070373426=-3,21,1,1
10849943826995481570=1.1607215,1.2080072,1.0000000000000002,0.9941440799999999
11888026907076392846=-14,9,1,1
12456024497989500417=-13,25,10,1
12472701525304032110=-13,9,10,1
12561188734225115486=-14,21,1,1
12578313894175270471=-14,13,1,1
12676022360400645958=-3,1.9999998,1,6.999999999999999
14200673309765506855=-3,0.99999982,1,1
14378511164582077746=-14,0.99999982,1,1
1441443540489417858=-13,13,10,1
15810865084192319659=-13,26,10,7
15829296774251716243=-14,25,1,1
16227794063178555746=-14,14,1,7
17164300108011904283=-3,33,1,1
17868003639916477508=-3,13,1,1
2312380811132815043=-14,1.9999998,1,6.999999999999999
4073558248549632197=-3,14,1,7
4640031320687831572=-14,33,1,1
6010112179260556996=-13,14,10,7
6091259744603242846=-14,26,1,7
7414243711947859890=-3,9,1,1
7597294352917676259=-3,25,1,1
8192835679708107650=-13,1.9999998,10,6.999999999999999
9414670974306296665=-3,26,1,7
9465462636089330074=-13,21,10,1
9646661761378035440=-13,0.99999982,10,1
980108068480701397=-13,33,10,1
Invalidelements=3952969358,1336804613,2607858794,1188608865,378589697,1712085830,2954971832,3464798105,3699946956,4146294330,3162729361,1092504156,3625681958,2546138395,3300085141,2611934137,2350573008,332741105,1860308875,3563161640,1788900734,2454898504,2326670830,1738046507,1002142174,1132574245,3859799899,498723629,2698153395,955626219,2765235204,541548905,2738563613,1115363506,3191053145,3564126783,1900192256,2717730667
LastModified=1768332826
NaturalSize=50,50

[/usr/share/plasma/desktoptheme/default/widgets/panel-background.svgz]
10368132541891623102=151,48,6,6
10728224523271766246=119,10,31.999989999999997,6.000021
10900719453260026976=20,10,4,9.99999905104687e-09
11341161001560741274=76,0,2,10
11414575685314917449=0,30,9.9999999e-09,4
11427341734361990772=119,16,32,32
11633624682855404644=101,33,10,2
11664268347049953044=63,0,32,16
11923044080838758710=38,10,6,6
12003764328888134049=47,16,16,32
12052997178323192105=0,16,6,32
12613974428844344475=47,0,16,16
12664252702498976512=0,0,5,5
12857094350077422935=6,10,32,6
1314123264087193175=113,16,6,32
13202031847337691152=151,10,6,6
13961791835052132263=20,10,4,4
1407464286322231811=20,54,4,1.000000082740371e-08
15234773200895857110=95,16,16,32
16034947879886486975=76,54,2,10
16072594444685784974=38,48,6,6
16224623051101944683=39,105,4,8
16574912091206405022=95,0,16,16
16764681291231916649=38,69,4,8
17212298300071424180=12,95,8,4
17509803483049573944=113,10,6,6
17774044786687345218=6,16,32,32
17894923472543138447=47,29,10,2
18199539218092025037=0,10,6,6
2801316936354944050=6,48,32,6
3091044174385339366=0,30,4,4
3368944298154312918=0,48,6,6
3531336122502456056=151,16,6,32
3634277235291381665=95,48,16,16
4879537649574859159=119,47.9999785,32.00000800000001,6.000021500000003
5637838673467827007=40,30,4,4
574531020943044942=47,48,16,16
6212610695837668044=20,50,4,4
8095908281674584489=48,95,8,4
8430122564000763989=63,48,32,16
8502153759936589800=19,75,32,32
9017714940788854928=44,30,1.000000082740371e-08,4
9033575310032158811=113,48,6,6
9055528938831523733=38,16,6,32
Invalidelements=1609233492,1159812102,2501212922,2194566334,3709505694,3923332605,2394747316,1164645588,1456973776,3268272398,3318612181,1146718614,3905626639,1103538093,1447522848,2286838490,3873822769,3388329395,3636315219,345133346,1147287389,766237425,1115410228,2447764387,1199476003,1963000613,3461518578,2398355962,2692341148,4275208395,1109950028,3476836013,3748119272
LastModified=1768332826
NaturalSize=157,64

[/usr/share/plasma/desktoptheme/default/widgets/plasmoidheading.svgz]
10284783702025112778=99,6,6,6
11627138193776880319=19,12,32,32
11674059799375659213=13,6,6,6
14563940020279721565=19,44,32,6
16006383827428221168=99,44,6,6
16024929292945549837=13,12,6,32
180861022126886384=19,6,32,6
3018931325007809344=67,12,32,32
4197904504874482251=67,6,32,6
5394335628381582052=51,44,6,6
5551926266994675578=-7,-7,5,5
5554940889056062405=61,12,6,32
6153865217079543168=61,44,6,6
6311735690968670162=51,6,6,6
675686587849232918=67,44,32,6
7536777476999763784=99,12,6,32
9157702102333860160=61,6,6,6
9769587285370831650=13,44,6,6
9853046724083326635=51,12,6,32
Invalidelements=2924966209,2157495777,1138745067,677382098,1898840929,2037336886,437173218,1982254041,2290250651,941826669,376744744,639154329,990796262,1202448488,3482533653,1207555956,4269570147,1942998298,754785333,2985404836,2640553261,3133228047,2671130154,3482492683,2776046121,3009957092
LastModified=1768332826
NaturalSize=173,56

[/usr/share/plasma/desktoptheme/default/widgets/scrollbar.svgz]
10462742518503653218=10,17,3,6
10634680368672396509=6,14,3,3
10908089044054169703=31,14,3,3
110437100984491026=-32.8756103516,46.7764358521,2,2
11616979261594235775=39,14,3,3
12131874441288269279=35,6,3,3
12686248273411891729=35,25,3,6
1380185649423481955=31,39,3,3
14896767273630487270=31,35,3,3
15640465640094157722=39,31,3,3
1610848190583585740=35,31,3,3
16175404850043394007=35,10,3,3
16245676299351654213=6,6,3,3
16490885459906926921=6,10,3,3
16501324882587865145=35,14,3,3
1675029483678980721=39,39,3,3
17693395315978567448=31,31,3,3
18001310433618754960=42,35,6,3
18233939166601308561=14,6,3,3
2045438062403609053=17,10,6,3
21974089101599829=52,4,6,6
2861849011547592963=14,14,3,3
2882976186194153583=35,17,3,6
3122233163722804405=25,10,6,3
4222424586634401595=46,-2,2,2
4738201373199374154=35,35,3,3
4983388515949300254=25,35,6,3
5034025895276236584=10,14,3,3
6089020222026939858=31,6,3,3
6317598661071734567=10,0,3,6
6863060697441195472=35,0,3,6
7069785069574916406=35,39,3,3
7175319263560949291=39,6,3,3
7350134940912409876=10,6,3,3
7644945370724470033=10,10,3,3
8061457254910104734=0,10,6,3
877934553400546023=39,10,3,3
9279305318356507356=14,10,3,3
9442127033325967230=31,10,3,3
9504103932615414382=39,35,3,3
9719959953702191528=35,42,3,6
9923963328431027500=42,10,6,3
Invalidelements=2314581311,4004076726,1377047402,4283333573,796671022,3771321666,142838012,118559553,647000309,2060972461,314979998,1210645815,743465158,2056187576,599821912,1503186573,202132153,752362824,4036884442,2043683437,166004237,3811585569,605341068,2964201425,1886332649,2794660512,1442524516,1488822646,3724925136,2609598192,2079562291
LastModified=1768332826
NaturalSize=48,48

[/usr/share/plasma/desktoptheme/default/widgets/slider.svgz]
10565249573749208220=7,11,3,3
10814208145528729267=15,32,3,3
1113781499276526186=11,15,3,3
11197032278733520180=7,40,3,3
11713152507368430595=15,40,3,3
12006405578932584527=95,97,26,26
13047080801711460025=7,36,3,3
1312994347150087097=7,7,3,3
14145068712798954057=11,36,3,3
17160261247260064860=11,40,3,3
17242598671620717450=66,98,24,24
17470842967656672280=2.2599621,4.6594176,2.0329318,2.077126
1810650869795049730=7,32,3,3
3020142670719179709=15,7,3,3
3245522369310306733=11,7,3,3
3355111087583711370=15,36,3,3
3504251921944776284=40,100.000001,20,19.999999000000003
5139023660860030000=42,6,20,20
5474392231353959990=15,11,3,3
6356650990015546844=6.999999999967999,99.99999999956,19.999999999920007,19.999999999919993
7813504401622857391=7,15,3,3
8584893034655377777=15,15,3,3
9596461443790319757=11,32,3,3
9978439628125655715=11,11,3,3
Invalidelements=769196663,3591451979,4232563245,1022887939,1926228446,528681590,2135008172,550718334,2165164486,1829943127,1669536575,1696121213,3791241570,3493935030,2470442775,4165676296,1259353234,2004047292,4162036384,2810149148,2918260696,2944015163,1651860654,2282766527,2860358898,1923744316,1425870418,3986153297,2608574015,1089577384,563632280,3341353241,489329086,2997328502,3430644191,176050577,4149036583,470670132,990529640
LastModified=1768332826
NaturalSize=128,128

[/usr/share/plasma/desktoptheme/default/widgets/switch.svgz]
11569393408837389455=0,7.0100002,4,4
11607450149122639230=14,-9.999999761589606e-08,5,16.000000199999995
1215678210073382575=19.000000149999998,-9.999999761589606e-08,7.999999949999999,16.000000199999995
14775072560669784981=52,8,26,26
14911672473382104298=29.999999900000002,0.009999900000002171,7.999999949999999,15.990000199999995
15255743832501431635=38,0.009999900000002171,5,15.990000199999995
2277769992893138934=1,36,22,22
3759190067103410673=70.3846155,33.384614699999986,28.000000599999993,28.000000600000007
5690486321861365139=5.999999900000002,-9.999999761589606e-08,8.000000049999999,16.000000199999995
5889735594490217263=43.00000015,0.009999900000002171,7.999999949999996,15.990000199999995
6975851252753203506=7,18,38,16
Invalidelements=1835155920,2796195280,2457591830,1245658136,674546742,3821124144,1809295863,1130218519,4125877117,2711271878,334361792,118354191,3721093410,2038879486,3724923652,272303757,2130152995,2853732542,3943960086,201477913,1708036291,3978908286,3534408859,2378612995,2322253758,4211103080,2760989170,3486500490,3867253739,2001286168,602211792,770624886,1761100231,78047862,2440296335,4241067953,1902641523,422076006,3097642381,2845960445,2416229753,3475734506,4242275760,563432283,1949381383,2502085139,1239714392,1092855303,784854606,3296555565,2353807353,1462208744
LastModified=1768332826
NaturalSize=51,59

[/usr/share/plasma/desktoptheme/default/widgets/tabbar.svgz]
1059851067919263784=266.00001,431.36216,10,3.0000051999999755
12625763773785438429=273,218.36218,6,5
13018244388794197021=273,214.36218,10,12
13451980277936109198=276,434.36215,80,12
13800327025357483834=356,431.36216,10.000009999999975,3.0000051999999755
1536452704122176791=360,437.36215,6,5
15607805535818704975=363,214.36218,10,12
18242750106342399609=266,446.36215,10,4
18390124656197595117=266,437.36215,6,5
18440708658514209053=283,214.362182617,80,20
3242502659329102570=356,446.36215,10,4
3718164135883507236=313.758758545,220.362182617,5,10
4449554191481941884=320.241241455,431.3621521,5,10
5205798882199425313=313.758758545,210.362182617,5,10
5713446664919245922=356,434.36215,10,12
6062958073391296659=320.241241455,446.3621521,5,10
6542412169170740099=276,446.36215,80,4
6689581879506472669=367,218.36218,6,5
6697358031045204639=-233.82362,467.12659,41.362885000000006,41.12067000000002
672255529246595207=283,227.36217000000002,80,3
7946237462955211719=283,210.36218,80,4
8089777790462905304=266,434.36215,10,12
9177838500766335180=276.00001,431.36216,80,3
Invalidelements=1653258179,3976687054,3383838801,2467650363,4091783849,2602283031,1627632133,1375732898,1216741187,2055193571,2362019119,3294058798,4233610680,561677412,2617155687,2635261346,1274000438,3472319489,2451409348,3977486021,1933159712,1523986618,620209910,1928913928,29228643,3297220023,2261616490,4169225858,2376355039,2945173287,1416074771,356902561,2198039209
LastModified=1768332826
NaturalSize=744,1052

[/usr/share/plasma/desktoptheme/default/widgets/tasks.svgz]
10120492138574275802=2,51,4,4
10286478862600729642=31,38,4,3
10309666455391362384=1,37.999999,4,3
10504332045658034606=5,42.999998000000005,26,3
10715456232480455917=16,58,4,4
10964016774469818861=31,21.9999995,4,2.999998999999999
11208673678038788630=1,58.999998,4,3
13866721478431614654=31,66.999993,4,13
14228034508685150764=1,22,4,3
15192600656292762092=31,63.999994,4,2.999994000000001
1552851692138301901=5,63.999998000000005,26,3
15888534353982211036=5,58.999997,26,3
15926193102454632429=31,45.999997,4,13
16251923190236237503=16,43,4,4
16295760453626811914=5,21.999999000000003,26,3.000001000000001
16359452329835153656=155.99999540000002,92.00000024444182,10.999999799999983,10.999999800005142
17077924964622809742=1,43.0000012,4,3.0000003999999976
17397633023661214297=1,25,4,13
2380954571893524565=31,79.999995,4,3
3274545743040724582=5,79.999993,26,3
3298944067361225963=1,79.999994,4,3
3968432241171884439=5,37.999998,26,3
3987175009081786959=31,58.999999,4,3
405321025788737793=1,64.000002,4,2.999994000000001
4932640111934218653=1,66.999994,4,13
5068591590540969439=31,24.999997999999998,4,13
5556411044688429372=4.9999998,24.999999000000003,25.99999992,13
6369721926229254975=30,51,4,4
6765291913513974238=4.9999998,66.999994,25.99999992,13
8765716165122459388=31,42.99999880000001,4,3.0000003999999976
8815545251727733424=4.9999998,45.999998,25.99999992,13
9176233064821924344=1,45.999998000000005,4,13
Invalidelements=3011994544,3420511935,284012133,2244871026,388050042,462275050,36875990,2219883589,3536990621,3735191383,2920831143,1982142978,3098703443,18285939,2690459703,4275256275,3960960084,2870455693,2585771570,3228411386,3347282347,4075604178,1789588504,2085252079,151279373,1380408199,1857671957,1827715916,877051372,750540684,2136976844,309913321,238378704,3628838160,686650171,4047874952,468612802,2689904816,1024055492,3400276070,2716238697,77634884,1313374497,1829008530,1259859241,3965920407,3399114897,1784822228,667544863,1604515156,2108027218,2298609053,119914557,20525756,291837858,3599539285,1895265639,1425802174,2074263944,2577139477,2478225411,3572108910,119231223
LastModified=1768332826
NaturalSize=144,126

[/usr/share/plasma/desktoptheme/default/widgets/tooltip.svgz]
1038648268521146771=101,33,10,2
10513942143766628405=47,16,16,32
12655631142538902403=20,10,4,9.99999905104687e-09
13073452209599871533=0,0,5,5
13393868042995472771=44,30,1.000000082740371e-08,4
13744844183485809614=47,48,16,16
1375495016560004106=40,30,4,4
14944989850377067024=63,0,32,16
15168967679267243994=20,54,4,1.000000082740371e-08
16474963303398095953=20,10,4,4
16576669751025824584=95,16,16,32
17470456376742556633=76,0,2,10
18131573977965677243=76,54,2,10
2197466734449257420=0,30,9.9999999e-09,4
3240978990347698387=95,0,16,16
5474591722461903605=0,16,6,32
6013093776141933374=38,16,6,32
6235360908558941273=20,50,4,4
6451430495400044959=0,30,4,4
8069175750658049346=6,10,32,6
8171926301649125916=6,48,32,6
8239426717472688658=95,48,16,16
8445046698636556439=47,0,16,16
8776655214899030653=47,29,10,2
9129229696897204375=63,48,32,16
Invalidelements=944340672,777648163,337845240,1806335192
LastModified=1768332826
NaturalSize=157,64

[/usr/share/plasma/desktoptheme/default/widgets/viewitem.svgz]
10167666653873947871=46.000001134563206,139.9999999999999,46.00000051134879,5
10540948305637614791=92.00000000000006,89,5,5
1319275206539268801=128,16,46,46
13368476688564080829=122.99998900407996,16.00000712040037,4.999999828570566,45.99999906752248
13478923673164826499=197,93.9999913147717,5.000009999999975,46.000016066661374
13594680153129449094=197,89,5,5
13668366946407970471=173.9999809521609,16.00006545878432,4.999999917600576,45.99999666264239
14662567626467237454=122.99998900407996,11.000001567431184,4.999999828570566,5.000000249922209
14790007036208747299=151.0000001345632,140.0000000000001,46.00000051134879,5
16379539311901632120=49.928560000000004,-90.32326999999998,40,40
16529753595779959009=146,139.9999999999999,5,4.999999999999886
17080675481029564450=151,94,46,46
18008881124467768011=46.00000085385358,89,46.021998799519196,5
1802601326483631462=41,89,5,5
189978517858535929=46,94,46,46
222935559970997272=41,93.99999217607524,5,46.0000200743998
2805610023940488099=92,140,5,5
3272478975264737377=122.99998900407996,61.99999685862883,4.999999828570566,5.000000399871965
3720644653452627407=197,139.99999999999977,4.999999999999943,5.000000000000114
4017961169391564526=173.99999862367352,61.99999996715184,4.999998041428569,5.00000208486415
5018042853423451403=174.0000023912245,11.000028081746905,4.99999998749999,4.9998939653550565
5922384540622158288=127.99999835589199,62.000001838628805,46.00000051134879,5.000000399871965
6028513798131368860=92.00000000000006,94.0000013150609,5,46.000016066661374
6090747388863010674=146,89,5,5
8341022377171015093=41,140,5,5
888344293595008966=146,94.00001201887517,5,45.99999006457483
9389316721925743001=127.999999970142,11.000028081746905,45.99999843089921,5.00000025164195
9966842118870922287=151.0000006322024,89,45.99999317980803,5
Invalidelements=2658976585,979349327,1336963591,74617485,1843872634,1450862273,2314388240,366803914,841267327,1015527570,1856648061,3823943344,1616506201,1117016326,582012137,548399870,2026161612,2872800224,1373393015,989292545,633481050,3516525796,2022963236,2427200461,541359446,4085395339,2579351006,1391029094,1968204874,791885810,2478069993,1288283000,4138849028,2118866785,2686076794,4065015800,3042217162,2322049608,435510543,3261215061,2696625459,2080749859,3867283433,494562302,1039188756,183626537,2258239308,3335675498,157850838,2045538936,3363581231
LastModified=1768332826
NaturalSize=257,161
